0.01     1.6033764465732288   1.062970666709528   0.5372090619776263
0.02     1.4072873698084094   0.9022419152629547   0.41023334833483344
0.03     1.3226368940465476   0.8318784396296772   0.35362111032531823
0.04     1.2729895685997172   0.79062472675839   0.3196894850199306
0.05     1.2397722933007587   0.7625864890060434   0.2966516973125884
0.060000000000000005     1.2154843930821655   0.7422275138228107   0.2796858846598945
0.06999999999999999     1.1967327054133985   0.7263332261797607   0.2664704095409541
0.08     1.181731355278385   0.7138321010672495   0.2557551594445159
0.09     1.1695874051690882   0.7034740259740259   0.24700437186575797
0.09999999999999999     1.1592293300758647   0.694723238395268   0.23968228429985852
0.11     1.150478542497107   0.6872225633277613   0.23325313424199562
0.12     1.1427992799279927   0.6807934132698984   0.2277169216921692
0.13     1.1361915423685225   0.6750786132184646   0.222895059148772
0.14     1.1302981548154813   0.67007816317346   0.2186089591101967
0.15000000000000002     1.1249405297672623   0.6656134756332774   0.21468003407483605
0.16     1.120118667223865   0.6615059630963095   0.21110828404268994
0.17     1.1158325671852898   0.6577556255625562   0.2078937090137585
0.18000000000000002     1.111903642149929   0.6545410505336247   0.20503630898804162
0.19     1.1083318921177832   0.6513264755046932   0.20235749646393209
0.2     1.1049387295872444   0.6486476629805837   0.1998572714414298
0.21000000000000002     1.1019027420599201   0.6459688504564741   0.19771422142214218
0.22     1.0990453420342032   0.6434686254339719   0.19557117140285454
0.23     1.096545117011701   0.6413255754146843   0.19360670888517423
0.24000000000000002     1.0940448919891987   0.6391825253953966   0.19164224636749386
0.25     1.0917232544683038   0.6372180628777162   0.19003495885302812
0.26     1.0895802044490162   0.6354321878616432   0.18842767133856242
0.27     1.0874371544297285   0.6336463128455703   0.1868203838240967
0.28     1.0856512794136555   0.6320390253311045   0.18539168381123824
0.29000000000000004     1.0836868168959752   0.6304317378166387   0.18396298379837983
0.3     1.0820795293815095   0.6290030378037803   0.18271287128712868
0.31     1.0804722418670438   0.6275743377909219   0.18146275877587756
0.32     1.0788649543525781   0.6261456377780634   0.18021264626462646
0.33     1.0774362543397196   0.6248955252668124   0.17914112125498263
0.34     1.0760075543268612   0.6238240002571684   0.17806959624533877
0.35000000000000003     1.0745788543140027   0.6225738877459174   0.1771766587373023
0.36000000000000004     1.0733287418027515   0.6215023627362736   0.17610513372765846
0.37     1.0720786292915006   0.6204308377266298   0.17521219621962195
0.38     1.0710071042818565   0.6195379002185932   0.1743192587115854
0.39     1.0697569917706056   0.6184663752089493   0.17342632120354892
0.4     1.0686854667609618   0.6175734377009129   0.17253338369551238
0.41000000000000003     1.0677925292529251   0.6166805001928763   0.1718190336890832
0.42000000000000004     1.0667210042432813   0.6157875626848399   0.17110468368265397
0.43     1.0658280667352449   0.6150732126784106   0.17039033367622475
0.44     1.064756541725601   0.6141802751703741   0.16967598366979555
0.45     1.0638636042175647   0.6134659251639449   0.16896163366336633
0.46     1.062970666709528   0.6127515751575157   0.1682472836569371
0.47000000000000003     1.0622563167030987   0.6120372251510864   0.16771152115211518
0.48000000000000004     1.0613633791950623   0.6113228751446573   0.16699717114568596
0.49     1.060649029188633   0.610608525138228   0.16646140864086406
0.5     1.0599346791822037   0.6098941751317988   0.16574705863443487
0.51     1.0592203291757747   0.609358412626977   0.16521129612961297
0.52     1.0585059791693454   0.608822650122155   0.164675533624791
0.53     1.0577916291629161   0.6081083001157258   0.1641397711199691
0.54     1.057077279156487   0.6075725376109038   0.1636040086151472
0.55     1.0563629291500578   0.607036775106082   0.1632468336119326
0.56     1.055827166645236   0.6065010126012601   0.1627110711071107
0.5700000000000001     1.0551128166388066   0.6059652500964381   0.1621753086022888
0.5800000000000001     1.0545770541339847   0.6054294875916162   0.16181813359907418
0.59     1.0540412916291628   0.6048937250867944   0.16128237109425228
0.6     1.053505529124341   0.6045365500835798   0.16092519609103764
0.61     1.052969766619519   0.6040007875787579   0.16038943358621574
0.62     1.0524340041146971   0.6034650250739358   0.16003225858300113
0.63     1.0518982416098752   0.6031078500707212   0.15967508357978652
0.64     1.0513624791050533   0.6027506750675066   0.1593179085765719
0.65     1.0508267166002312   0.6022149125626848   0.15896073357335733
0.66     1.0502909540954095   0.6018577375594701   0.15842497106853543
0.67     1.0499337790921948   0.6015005625562555   0.1580677960653208
0.68     1.0493980165873729   0.6009648000514336   0.1577106210621062
0.6900000000000001     1.0490408415841583   0.600607625048219   0.1573534460588916
